16	 0.00464011
15.99	 0.00464165
15.98	 0.00463957
15.97	 0.00463031
15.96	 0.00463983
15.95	 0.0046371
15.94	 0.0046417
15.93	 0.00463217
15.92	 0.00463433
15.91	 0.00463446
15.9	 0.00464334
15.89	 0.00463978
15.88	 0.00463442
15.87	 0.00463323
15.86	 0.00464268
15.85	 0.00464937
15.84	 0.00463374
15.83	 0.00463333
15.82	 0.00464044
15.81	 0.00464252
15.8	 0.00463696
15.79	 0.00463768
15.78	 0.00464224
15.77	 0.00463979
15.76	 0.00463923
15.75	 0.00463679
15.74	 0.00465446
15.73	 0.00463845
15.72	 0.00463998
15.71	 0.00464037
15.7	 0.0046492
15.69	 0.00463762
15.68	 0.0046383
15.67	 0.00464712
15.66	 0.00464406
15.65	 0.00463691
15.64	 0.00463889
15.63	 0.00465729
15.62	 0.00464438
15.61	 0.00463815
15.6	 0.00464254
15.59	 0.00465271
15.58	 0.00463921
15.57	 0.00464134
15.56	 0.00465014
15.55	 0.0046489
15.54	 0.00463894
15.53	 0.00464136
15.52	 0.00466217
15.51	 0.00464375
15.5	 0.00463897
15.49	 0.00464589
15.48	 0.00465408
15.47	 0.00464116
15.46	 0.00464162
15.45	 0.00465545
15.44	 0.00465056
15.43	 0.00464348
15.42	 0.00465104
15.41	 0.00466292
15.4	 0.00464827
15.39	 0.00464479
15.38	 0.00465119
15.37	 0.00465143
15.36	 0.00464268
15.35	 0.00464415
15.34	 0.00466269
15.33	 0.00464851
15.32	 0.00464326
15.31	 0.00464915
15.3	 0.00465599
15.29	 0.00464453
15.28	 0.00464327
15.27	 0.0046573
15.26	 0.00465031
15.25	 0.00464351
15.24	 0.00464792
15.23	 0.00466075
15.22	 0.00464523
15.21	 0.00464281
15.2	 0.00465276
15.19	 0.00464994
15.18	 0.00464396
15.17	 0.00464719
15.16	 0.00466259
15.15	 0.0046448
15.14	 0.00464191
15.13	 0.00464926
15.12	 0.0046493
15.11	 0.00464322
15.1	 0.00464471
15.09	 0.00466009
15.08	 0.00464649
15.07	 0.00464393
15.06	 0.00464558
15.05	 0.00464741
15.04	 0.00464425
15.03	 0.00464534
15.02	 0.00465201
15.01	 0.00464921
15	 0.00465388
14.99	 0.00466159
14.98	 0.00467676
14.97	 0.0046746
14.96	 0.0046704
14.95	 0.00466644
14.94	 0.00466076
14.93	 0.00466147
14.92	 0.00465469
14.91	 0.00465101
14.9	 0.00465415
14.89	 0.00465004
14.88	 0.00464448
14.87	 0.0046502
14.86	 0.00465887
14.85	 0.00464506
14.84	 0.0046438
14.83	 0.00465624
14.82	 0.00465076
14.81	 0.00464368
14.8	 0.004652
14.79	 0.00465819
14.78	 0.00464516
14.77	 0.00464479
14.76	 0.00466008
14.75	 0.00465173
14.74	 0.00464452
14.73	 0.00465326
14.72	 0.00465539
14.71	 0.00464464
14.7	 0.00464626
14.69	 0.00466515
14.68	 0.00465154
14.67	 0.00464427
14.66	 0.0046541
14.65	 0.00465213
14.64	 0.00464312
14.63	 0.00464551
14.62	 0.00466504
14.61	 0.00464722
14.6	 0.00464393
14.59	 0.00465604
14.58	 0.00464959
14.57	 0.00464221
14.56	 0.00464673
14.55	 0.00465661
14.54	 0.00464413
14.53	 0.00464326
14.52	 0.00466254
14.51	 0.00465113
14.5	 0.00464279
14.49	 0.00465002
14.48	 0.00465018
14.47	 0.00464092
14.46	 0.00464307
14.45	 0.00465934
14.44	 0.00464339
14.43	 0.00464245
14.42	 0.00465533
14.41	 0.00464781
14.4	 0.00463912
14.39	 0.00464484
14.38	 0.00464833
14.37	 0.00463848
14.36	 0.00464059
14.35	 0.0046578
14.34	 0.00464257
14.33	 0.00464345
14.32	 0.00465085
14.31	 0.00464404
14.3	 0.00463778
14.29	 0.00464116
14.28	 0.00464318
14.27	 0.00463732
14.26	 0.00463597
14.25	 0.00465161
14.24	 0.00463831
14.23	 0.00463705
14.22	 0.0046495
14.21	 0.00464304
14.2	 0.00464335
14.19	 0.00463876
14.18	 0.00463947
14.17	 0.0046388
14.16	 0.00463344
14.15	 0.00464219
14.14	 0.00463427
14.13	 0.00463265
14.12	 0.00464996
14.11	 0.00463384
14.1	 0.00463232
14.09	 0.00463873
14.08	 0.00463204
14.07	 0.00463392
14.06	 0.00463179
14.05	 0.00463136
14.04	 0.0046369
14.03	 0.00462778
14.02	 0.00463483
14.01	 0.00464146
14	 0.00462463
13.99	 0.00464158
13.98	 0.00464087
13.97	 0.0046239
13.96	 0.00463371
13.95	 0.004638
13.94	 0.00462722
13.93	 0.00463234
13.92	 0.0046385
13.91	 0.00463961
13.9	 0.0046448
13.89	 0.0046495
13.88	 0.00465336
13.87	 0.00464197
13.86	 0.00463311
13.85	 0.00462737
13.84	 0.00462706
13.83	 0.00462996
13.82	 0.00462566
13.81	 0.00462647
13.8	 0.00462499
13.79	 0.00462593
13.78	 0.00462691
13.77	 0.00462085
13.76	 0.00462731
13.75	 0.00462824
13.74	 0.00461989
13.73	 0.0046292
13.72	 0.00462777
13.71	 0.00462574
13.7	 0.00463184
13.69	 0.00462687
13.68	 0.00462606
13.67	 0.00463551
13.66	 0.00462476
13.65	 0.0046205
13.64	 0.00464103
13.63	 0.00462342
13.62	 0.00462155
13.61	 0.00464142
13.6	 0.0046233
13.59	 0.0046233
13.58	 0.00463366
13.57	 0.00462295
13.56	 0.00462601
13.55	 0.00462832
13.54	 0.00462403
13.53	 0.00463013
13.52	 0.00462553
13.51	 0.00462646
13.5	 0.00463949
13.49	 0.0046342
13.48	 0.00462962
13.47	 0.0046378
13.46	 0.00461917
13.45	 0.00462216
13.44	 0.00462684
13.43	 0.00462104
13.42	 0.00462739
13.41	 0.00462057
13.4	 0.00461737
13.39	 0.00463884
13.38	 0.00461628
13.37	 0.0046215
13.36	 0.00462743
13.35	 0.00461434
13.34	 0.004623
13.33	 0.00462177
13.32	 0.00461415
13.31	 0.00463501
13.3	 0.00461598
13.29	 0.00461812
13.28	 0.00462209
13.27	 0.00461431
13.26	 0.00462464
13.25	 0.00462639
13.24	 0.00461413
13.23	 0.00462964
13.22	 0.00461366
13.21	 0.00461916
13.2	 0.0046219
13.19	 0.00461102
13.18	 0.00462599
13.17	 0.00460952
13.16	 0.00460872
13.15	 0.00462142
13.14	 0.00460867
13.13	 0.00461534
13.12	 0.00460867
13.11	 0.0046048
13.1	 0.0046235
13.09	 0.00460504
13.08	 0.00460995
13.07	 0.00460896
13.06	 0.00460269
13.05	 0.00461533
13.04	 0.00460347
13.03	 0.00461199
13.02	 0.00461323
13.01	 0.00460475
13	 0.0046112
12.99	 0.00460974
12.98	 0.00461044
12.97	 0.00461483
12.96	 0.00460852
12.95	 0.00460508
12.94	 0.00460741
12.93	 0.00460159
12.92	 0.00460997
12.91	 0.00460199
12.9	 0.00460773
12.89	 0.00461546
12.88	 0.00460555
12.87	 0.00462969
12.86	 0.00460535
12.85	 0.00460224
12.84	 0.00460724
12.83	 0.00461365
12.82	 0.00460482
12.81	 0.00460307
12.8	 0.00459777
12.79	 0.00460069
12.78	 0.00460136
12.77	 0.00460473
12.76	 0.00460883
12.75	 0.00462037
12.74	 0.00460842
12.73	 0.00460157
12.72	 0.00459985
12.71	 0.00460686
12.7	 0.00459851
12.69	 0.00459486
12.68	 0.00459545
12.67	 0.0045945
12.66	 0.00460043
12.65	 0.00459908
12.64	 0.00460782
12.63	 0.00462229
12.62	 0.00461573
12.61	 0.0046082
12.6	 0.00461221
12.59	 0.00460784
12.58	 0.00460262
12.57	 0.00461121
12.56	 0.00461309
12.55	 0.00460705
12.54	 0.00461268
12.53	 0.00460879
12.52	 0.00462876
12.51	 0.00460594
12.5	 0.00461104
12.49	 0.00459648
12.48	 0.00459842
12.47	 0.00459898
12.46	 0.00460263
12.45	 0.00461353
12.44	 0.00460664
12.43	 0.00460165
12.42	 0.00459546
12.41	 0.00459925
12.4	 0.00460149
12.39	 0.00459476
12.38	 0.00460983
12.37	 0.00460862
12.36	 0.00459693
12.35	 0.00459502
12.34	 0.00459168
12.33	 0.00460429
12.32	 0.00459087
12.31	 0.00460214
12.3	 0.00459427
12.29	 0.00460661
12.28	 0.00460969
12.27	 0.00460001
12.26	 0.00460578
12.25	 0.00459297
12.24	 0.00459737
12.23	 0.00458951
12.22	 0.00459023
12.21	 0.00459152
12.2	 0.00458853
12.19	 0.00460124
12.18	 0.00458743
12.17	 0.00459514
12.16	 0.00458797
12.15	 0.00458897
12.14	 0.00458885
12.13	 0.00458852
12.12	 0.00460603
12.11	 0.00458991
12.1	 0.00459719
12.09	 0.00461106
12.08	 0.00461265
12.07	 0.00459908
12.06	 0.00459208
12.05	 0.00458989
12.04	 0.00458832
12.03	 0.00459425
12.02	 0.00458582
12.01	 0.00458744
12	 0.00458565
11.99	 0.00458601
11.98	 0.00458735
11.97	 0.00460156
11.96	 0.00459063
11.95	 0.00458871
11.94	 0.00458992
11.93	 0.00458798
11.92	 0.00458934
11.91	 0.00460592
11.9	 0.00461311
11.89	 0.00459667
11.88	 0.00459448
11.87	 0.00458776
11.86	 0.00458702
11.85	 0.00458538
11.84	 0.00458773
11.83	 0.00458574
11.82	 0.00458711
11.81	 0.00458614
11.8	 0.00458864
11.79	 0.00458856
11.78	 0.00459223
11.77	 0.00461918
11.76	 0.00459302
11.75	 0.00459303
11.74	 0.00459809
11.73	 0.00462133
11.72	 0.00460533
11.71	 0.00459965
11.7	 0.00461479
11.69	 0.00459405
11.68	 0.00458921
11.67	 0.00458707
11.66	 0.0045877
11.65	 0.00459306
11.64	 0.00458803
11.63	 0.00459107
11.62	 0.00458499
11.61	 0.00458469
11.6	 0.00458469
11.59	 0.00458499
11.58	 0.00458824
11.57	 0.00459351
11.56	 0.00460428
11.55	 0.00459678
11.54	 0.0045866
11.53	 0.00458508
11.52	 0.00458474
11.51	 0.00458478
11.5	 0.00458532
11.49	 0.00458771
11.48	 0.00460538
11.47	 0.00459211
11.46	 0.00458617
11.45	 0.00458482
11.44	 0.00458496
11.43	 0.00458437
11.42	 0.0045856
11.41	 0.00458583
11.4	 0.00458659
11.39	 0.00459043
11.38	 0.00460195
11.37	 0.00458691
11.36	 0.00458866
11.35	 0.00460319
11.34	 0.00458705
11.33	 0.00458838
11.32	 0.00459473
11.31	 0.00459644
11.3	 0.00458739
11.29	 0.00458863
11.28	 0.00459087
11.27	 0.00461015
11.26	 0.00459142
11.25	 0.00459709
11.24	 0.00458978
11.23	 0.00459074
11.22	 0.00460725
11.21	 0.00458517
11.2	 0.00458561
11.19	 0.00458435
11.18	 0.00458708
11.17	 0.00458644
11.16	 0.00458645
11.15	 0.00458977
11.14	 0.00460507
11.13	 0.00459076
11.12	 0.00458471
11.11	 0.00458517
11.1	 0.00459263
11.09	 0.00458453
11.08	 0.00458805
11.07	 0.00458564
11.06	 0.00459125
11.05	 0.00458697
11.04	 0.00459056
11.03	 0.00459822
11.02	 0.00458832
11.01	 0.00459338
11	 0.00461064
10.99	 0.00459365
10.98	 0.0046014
10.97	 0.0045873
10.96	 0.00458784
10.95	 0.00458953
10.94	 0.00460137
10.93	 0.00459335
10.92	 0.00458993
10.91	 0.00460177
10.9	 0.0045911
10.89	 0.00459822
10.88	 0.00459239
10.87	 0.00459332
10.86	 0.00460332
10.85	 0.00459902
10.84	 0.00459776
10.83	 0.00459027
10.82	 0.00458885
10.81	 0.00460824
10.8	 0.00459135
10.79	 0.00459247
10.78	 0.00458663
10.77	 0.00459151
10.76	 0.00459177
10.75	 0.00459143
10.74	 0.00460281
10.73	 0.00458971
10.72	 0.00460134
10.71	 0.00459011
10.7	 0.00459588
10.69	 0.00459237
10.68	 0.00459249
10.67	 0.00459443
10.66	 0.00459595
10.65	 0.00459776
10.64	 0.00459049
10.63	 0.00460217
10.62	 0.00459632
10.61	 0.00460566
10.6	 0.00459665
10.59	 0.00460838
10.58	 0.00459282
10.57	 0.00460827
10.56	 0.00459368
10.55	 0.00460735
10.54	 0.00459658
10.53	 0.00460208
10.52	 0.00459488
10.51	 0.00459955
10.5	 0.00459275
10.49	 0.00460623
10.48	 0.00459809
10.47	 0.00459856
10.46	 0.00460061
10.45	 0.00458995
10.44	 0.00460569
10.43	 0.00459181
10.42	 0.00459647
10.41	 0.00458924
10.4	 0.0045905
10.39	 0.00458798
10.38	 0.00459873
10.37	 0.00459052
10.36	 0.0045909
10.35	 0.00460783
10.34	 0.00459427
10.33	 0.00459596
10.32	 0.00460398
10.31	 0.0045938
10.3	 0.00459805
10.29	 0.0046075
10.28	 0.004595
10.27	 0.00459943
10.26	 0.00461302
10.25	 0.00460018
10.24	 0.00459564
10.23	 0.00460416
10.22	 0.00461391
10.21	 0.00459726
10.2	 0.00459542
10.19	 0.00459668
10.18	 0.00459837
10.17	 0.00460983
10.16	 0.00460181
10.15	 0.00459478
10.14	 0.00459556
10.13	 0.00459498
10.12	 0.00459435
10.11	 0.00459526
10.1	 0.00459895
10.09	 0.00459525
10.08	 0.00459735
10.07	 0.00459959
10.06	 0.00459504
10.05	 0.00459939
10.04	 0.00459648
10.03	 0.00460472
10.02	 0.00460044
10.01	 0.00459965
10	 0.00460178
9.99	 0.00460063
9.98	 0.00460125
9.97	 0.00460152
9.96	 0.00460183
9.95	 0.00460004
9.94	 0.00460582
9.93	 0.0046053
9.92	 0.00460393
9.91	 0.00460543
9.9	 0.00461074
9.89	 0.00460501
9.88	 0.00460676
9.87	 0.00460617
9.86	 0.00461014
9.85	 0.00460549
9.84	 0.004606
9.83	 0.00460776
9.82	 0.00460721
9.81	 0.00460457
9.8	 0.00460605
9.79	 0.00460632
9.78	 0.00460706
9.77	 0.00460734
9.76	 0.00460698
9.75	 0.0046059
9.74	 0.00460582
9.73	 0.00460572
9.72	 0.00460917
9.71	 0.00460992
9.7	 0.00460972
9.69	 0.00460921
9.68	 0.00460905
9.67	 0.00460614
9.66	 0.00460879
9.65	 0.00460687
9.64	 0.0046123
9.63	 0.00461068
9.62	 0.00461612
9.61	 0.00460999
9.6	 0.00460774
9.59	 0.00460104
9.58	 0.00459863
9.57	 0.00461142
9.56	 0.00460694
9.55	 0.00460751
9.54	 0.00461143
9.53	 0.00461363
9.52	 0.00461823
9.51	 0.00461195
9.5	 0.00461028
9.49	 0.00461368
9.48	 0.00461306
9.47	 0.00461385
9.46	 0.00461396
9.45	 0.0046138
9.44	 0.00461152
9.43	 0.00461193
9.42	 0.00461084
9.41	 0.00461137
9.4	 0.00460731
9.39	 0.00460664
9.38	 0.00462325
9.37	 0.00460328
9.36	 0.00460137
9.35	 0.0045982
9.34	 0.00460381
9.33	 0.00461183
9.32	 0.00460176
9.31	 0.00460472
9.3	 0.00459942
9.29	 0.00459858
9.28	 0.00460297
9.27	 0.00460615
9.26	 0.00461301
9.25	 0.00461679
9.24	 0.00461348
9.23	 0.00461211
9.22	 0.00461316
9.21	 0.00461373
9.2	 0.00460672
9.19	 0.00459991
9.18	 0.00459576
9.17	 0.00459755
9.16	 0.00459991
9.15	 0.00460112
9.14	 0.00459338
9.13	 0.00459077
9.12	 0.00459834
9.11	 0.00459425
9.1	 0.00459564
9.09	 0.0045992
9.08	 0.00460992
9.07	 0.00459295
9.06	 0.00458878
9.05	 0.00459092
9.04	 0.00460161
9.03	 0.00459902
9.02	 0.00459156
9.01	 0.00458988
9	 0.00460148
8.99	 0.00459417
8.98	 0.0045899
8.97	 0.0045891
8.96	 0.0045879
8.95	 0.00459283
8.94	 0.00459066
8.93	 0.00459229
8.92	 0.00461451
8.91	 0.00459468
8.9	 0.00459088
8.89	 0.00458863
8.88	 0.00459273
8.87	 0.00458812
8.86	 0.00458896
8.85	 0.00459357
8.84	 0.00459055
8.83	 0.00459119
8.82	 0.00459911
8.81	 0.004606
8.8	 0.0046079
8.79	 0.0046095
8.78	 0.0045933
8.77	 0.0045925
8.76	 0.00460861
8.75	 0.00458836
8.74	 0.00458834
8.73	 0.00458913
8.72	 0.00459029
8.71	 0.0045925
8.7	 0.00462357
8.69	 0.00459616
8.68	 0.00460439
8.67	 0.00459524
8.66	 0.00459292
8.65	 0.00458843
8.64	 0.00458864
8.63	 0.00458927
8.62	 0.00459659
8.61	 0.00458946
8.6	 0.00459176
8.59	 0.00459658
8.58	 0.00461357
8.57	 0.00459767
8.56	 0.00459107
8.55	 0.00459239
8.54	 0.00459673
8.53	 0.00459859
8.52	 0.00462483
8.51	 0.00461288
8.5	 0.00460087
8.49	 0.00459462
8.48	 0.00459273
8.47	 0.0045991
8.46	 0.00459223
8.45	 0.00459378
8.44	 0.00459702
8.43	 0.00460775
8.42	 0.00461015
8.41	 0.00459728
8.4	 0.00459822
8.39	 0.00459683
8.38	 0.0045956
8.37	 0.00459287
8.36	 0.00460177
8.35	 0.00460732
8.34	 0.00460319
8.33	 0.00459436
8.32	 0.00459269
8.31	 0.00459216
8.3	 0.00459333
8.29	 0.00460173
8.28	 0.00459524
8.27	 0.00460417
8.26	 0.00460587
8.25	 0.00462956
8.24	 0.00460412
8.23	 0.0046071
8.22	 0.00459792
8.21	 0.00460852
8.2	 0.00460258
8.19	 0.00461178
8.18	 0.00460382
8.17	 0.0046072
8.16	 0.00462574
8.15	 0.00460558
8.14	 0.00460089
8.13	 0.00460164
8.12	 0.00459434
8.11	 0.00459702
8.1	 0.00459477
8.09	 0.00460208
8.08	 0.00460046
8.07	 0.00462354
8.06	 0.00460977
8.05	 0.0046059
8.04	 0.00461852
8.03	 0.00460751
8.02	 0.00460407
8.01	 0.00462507
8	 0.0046048
7.99	 0.00460536
7.98	 0.00460396
7.97	 0.0046098
7.96	 0.00460305
7.95	 0.00460771
7.94	 0.00461617
7.93	 0.00461921
7.92	 0.00460743
7.91	 0.00461399
7.9	 0.00461867
7.89	 0.00461561
7.88	 0.00461846
7.87	 0.00461921
7.86	 0.0046272
7.85	 0.00460935
7.84	 0.00460668
7.83	 0.00460492
7.82	 0.0046062
7.81	 0.00461745
7.8	 0.00460865
7.79	 0.00461184
7.78	 0.00460899
7.77	 0.0046219
7.76	 0.00462287
7.75	 0.00462306
7.74	 0.00461487
7.73	 0.00460877
7.72	 0.00461117
7.71	 0.00462048
7.7	 0.00460688
7.69	 0.00460771
7.68	 0.00461269
7.67	 0.00461196
7.66	 0.00463837
7.65	 0.00461523
7.64	 0.00461708
7.63	 0.00461513
7.62	 0.00463963
7.61	 0.00462481
7.6	 0.00462201
7.59	 0.0046279
7.58	 0.00463638
7.57	 0.00462832
7.56	 0.0046178
7.55	 0.00461664
7.54	 0.00461574
7.53	 0.00461939
7.52	 0.00463085
7.51	 0.00461423
7.5	 0.0046175
7.49	 0.00461988
7.48	 0.00463806
7.47	 0.00464545
7.46	 0.00465669
7.45	 0.0046226
7.44	 0.00463409
7.43	 0.00462125
7.42	 0.00461717
7.41	 0.00463653
7.4	 0.00461951
7.39	 0.00461958
7.38	 0.00463907
7.37	 0.00462134
7.36	 0.00462486
7.35	 0.00463238
7.34	 0.00464156
7.33	 0.00463001
7.32	 0.00462289
7.31	 0.00462899
7.3	 0.00463566
7.29	 0.00462708
7.28	 0.00465243
7.27	 0.00463787
7.26	 0.00462575
7.25	 0.00462987
7.24	 0.00462215
7.23	 0.0046239
7.22	 0.00462628
7.21	 0.00464049
7.2	 0.0046313
7.19	 0.00463372
7.18	 0.00463003
7.17	 0.00465221
7.16	 0.00463409
7.15	 0.0046409
7.14	 0.0046335
7.13	 0.00462722
7.12	 0.00463949
7.11	 0.00462887
7.1	 0.00463081
7.09	 0.0046278
7.08	 0.00462868
7.07	 0.0046294
7.06	 0.00463581
7.05	 0.00464291
7.04	 0.00463998
7.03	 0.00463207
7.02	 0.00463934
7.01	 0.00463147
7	 0.004634
6.99	 0.00463746
6.98	 0.00463191
6.97	 0.00463422
6.96	 0.00466777
6.95	 0.00463337
6.94	 0.00462886
6.93	 0.00462794
6.92	 0.00464315
6.91	 0.0046383
6.9	 0.00463327
6.89	 0.004633
6.88	 0.00463471
6.87	 0.00464582
6.86	 0.00464834
6.85	 0.00463999
6.84	 0.00463273
6.83	 0.0046412
6.82	 0.00463587
6.81	 0.0046321
6.8	 0.00463775
6.79	 0.00464684
6.78	 0.0046387
6.77	 0.00463858
6.76	 0.00463077
6.75	 0.00464337
6.74	 0.00463059
6.73	 0.00463857
6.72	 0.00464041
6.71	 0.0046465
6.7	 0.00463463
6.69	 0.00463753
6.68	 0.00464423
6.67	 0.00464671
6.66	 0.00464004
6.65	 0.004639
6.64	 0.00465474
6.63	 0.00465223
6.62	 0.00465066
6.61	 0.00464337
6.6	 0.00465073
6.59	 0.00466555
6.58	 0.00464758
6.57	 0.00464849
6.56	 0.00464239
6.55	 0.00464203
6.54	 0.004643
6.53	 0.00464469
6.52	 0.00465702
6.51	 0.00463934
6.5	 0.00465293
6.49	 0.00465085
6.48	 0.00464867
6.47	 0.0046521
6.46	 0.0046366
6.45	 0.00465338
6.44	 0.00463899
6.43	 0.00464487
6.42	 0.00466571
6.41	 0.00466297
6.4	 0.00463862
6.39	 0.00465788
6.38	 0.00463552
6.37	 0.00466483
6.36	 0.00463492
6.35	 0.00464097
6.34	 0.00464563
6.33	 0.00463237
6.32	 0.00463067
6.31	 0.00462762
6.3	 0.00462723
6.29	 0.00463798
6.28	 0.0046304
6.27	 0.00463443
6.26	 0.00462693
6.25	 0.0046265
6.24	 0.00463292
6.23	 0.00462706
6.22	 0.00463264
6.21	 0.00463144
6.2	 0.00463088
6.19	 0.00464137
6.18	 0.00463986
6.17	 0.0046422
6.16	 0.00465654
6.15	 0.00463526
6.14	 0.00463687
6.13	 0.00463224
6.12	 0.00464057
6.11	 0.00464415
6.1	 0.00463477
6.09	 0.00463586
6.08	 0.00464103
6.07	 0.00466268
6.06	 0.00463984
6.05	 0.00465885
6.04	 0.00464163
6.03	 0.00463415
6.02	 0.00463892
6.01	 0.00463826
6	 0.00463448
5.99	 0.00466562
5.98	 0.00464063
5.97	 0.00466075
5.96	 0.00463728
5.95	 0.00464768
5.94	 0.00465313
5.93	 0.00464171
5.92	 0.00464089
5.91	 0.00463571
5.9	 0.00464706
5.89	 0.00464542
5.88	 0.00466454
5.87	 0.00463998
5.86	 0.00465634
5.85	 0.00463486
5.84	 0.00463493
5.83	 0.00465997
5.82	 0.00464953
5.81	 0.00463431
5.8	 0.00463443
5.79	 0.0046311
5.78	 0.00465817
5.77	 0.00465379
5.76	 0.00463829
5.75	 0.00464316
5.74	 0.00463517
5.73	 0.00463506
5.72	 0.00464409
5.71	 0.00466054
5.7	 0.00463083
5.69	 0.00463912
5.68	 0.00463548
5.67	 0.00463189
5.66	 0.00463263
5.65	 0.00463513
5.64	 0.00465266
5.63	 0.00463633
5.62	 0.00463595
5.61	 0.00462878
5.6	 0.00463102
5.59	 0.00462908
5.58	 0.00464525
5.57	 0.00463586
5.56	 0.00463632
5.55	 0.00463523
5.54	 0.004637
5.53	 0.00462985
5.52	 0.00463141
5.51	 0.00462323
5.5	 0.0046228
5.49	 0.00462809
5.48	 0.00464326
5.47	 0.00463215
5.46	 0.00463078
5.45	 0.00462692
5.44	 0.0046258
5.43	 0.00462918
5.42	 0.00464104
5.41	 0.00463094
5.4	 0.0046213
5.39	 0.00461847
5.38	 0.00463259
5.37	 0.00462068
5.36	 0.00462825
5.35	 0.00465215
5.34	 0.00462165
5.33	 0.00461785
5.32	 0.00462433
5.31	 0.00461759
5.3	 0.00461997
5.29	 0.00463225
5.28	 0.00462396
5.27	 0.00463788
5.26	 0.00461534
5.25	 0.00462373
5.24	 0.00462998
5.23	 0.00461862
5.22	 0.00462103
5.21	 0.00462731
5.2	 0.00465143
5.19	 0.00461751
5.18	 0.00461208
5.17	 0.00461499
5.16	 0.00462323
5.15	 0.00463638
5.14	 0.00463416
5.13	 0.00462575
5.12	 0.00461071
5.11	 0.00461585
5.1	 0.00462087
5.09	 0.00461389
5.08	 0.00462078
5.07	 0.0046076
5.06	 0.00462235
5.05	 0.00460542
5.04	 0.0046076
5.03	 0.00463053
5.02	 0.00464377
5.01	 0.00461032
5	 0.00461236
4.99	 0.00460492
4.98	 0.00461959
4.97	 0.00460745
4.96	 0.00462125
4.95	 0.00461165
4.94	 0.00460705
4.93	 0.00460428
4.92	 0.00460458
4.91	 0.00460631
4.9	 0.00462134
4.89	 0.00460813
4.88	 0.00461357
4.87	 0.00461052
4.86	 0.00460472
4.85	 0.0046085
4.84	 0.00462312
4.83	 0.0046079
4.82	 0.00461337
4.81	 0.00461488
4.8	 0.00460776
4.79	 0.00461627
4.78	 0.00460412
4.77	 0.00460416
4.76	 0.0046079
4.75	 0.00460118
4.74	 0.00459822
4.73	 0.00461202
4.72	 0.00460096
4.71	 0.0046053
4.7	 0.00459986
4.69	 0.00459553
4.68	 0.00461117
4.67	 0.00459772
4.66	 0.0046047
4.65	 0.0045929
4.64	 0.00459604
4.63	 0.00459516
4.62	 0.00459333
4.61	 0.00458766
4.6	 0.00458811
4.59	 0.00459335
4.58	 0.00458968
4.57	 0.00459251
4.56	 0.00460403
4.55	 0.00459193
4.54	 0.00460542
4.53	 0.00460861
4.52	 0.00461259
4.51	 0.00460706
4.5	 0.00461443
4.49	 0.00461573
4.48	 0.0046223
4.47	 0.00463074
4.46	 0.00462198
4.45	 0.00462631
4.44	 0.0046361
4.43	 0.00464164
4.42	 0.00463284
4.41	 0.00463512
4.4	 0.00463362
4.39	 0.00463921
4.38	 0.00463569
4.37	 0.0046404
4.36	 0.00464929
4.35	 0.00464704
4.34	 0.0046482
4.33	 0.00465722
4.32	 0.00465762
4.31	 0.00465696
4.3	 0.0046592
4.29	 0.00466668
4.28	 0.00466377
4.27	 0.00466554
4.26	 0.00466577
4.25	 0.00467997
4.24	 0.00467116
4.23	 0.00468291
4.22	 0.00466151
4.21	 0.0046564
4.2	 0.00465245
4.19	 0.00464412
4.18	 0.00461891
4.17	 0.00461108
4.16	 0.00460826
4.15	 0.00460587
4.14	 0.00460376
4.13	 0.00460394
4.12	 0.00459973
4.11	 0.00459954
4.1	 0.00459881
4.09	 0.00459513
4.08	 0.00459377
4.07	 0.00459216
4.06	 0.00459051
4.05	 0.00459111
4.04	 0.00458902
4.03	 0.00458778
4.02	 0.00458877
4.01	 0.00458702
4	 0.00458594
3.99	 0.00458558
3.98	 0.00458685
3.97	 0.00458579
3.96	 0.00458524
3.95	 0.00458429
3.94	 0.00458397
3.93	 0.00458748
3.92	 0.00458421
3.91	 0.00458443
3.9	 0.00459035
3.89	 0.00458512
3.88	 0.00458451
3.87	 0.00458406
3.86	 0.00459211
3.85	 0.00458536
3.84	 0.00458485
3.83	 0.00458422
3.82	 0.00458598
3.81	 0.0045926
3.8	 0.00458643
3.79	 0.00460868
3.78	 0.00458508
3.77	 0.0045892
3.76	 0.00459619
3.75	 0.00459175
3.74	 0.00458538
3.73	 0.00459829
3.72	 0.00458549
3.71	 0.00459516
3.7	 0.00458517
3.69	 0.00459061
3.68	 0.00459361
3.67	 0.00459238
3.66	 0.00458694
3.65	 0.00458715
3.64	 0.00458884
3.63	 0.00458559
3.62	 0.00458728
3.61	 0.00459586
3.6	 0.00459049
3.59	 0.0045999
3.58	 0.0045858
3.57	 0.00459679
3.56	 0.00459358
3.55	 0.00460169
3.54	 0.00459968
3.53	 0.00458665
3.52	 0.00458737
3.51	 0.00459337
3.5	 0.00458664
3.49	 0.00459958
3.48	 0.00458873
3.47	 0.00458548
3.46	 0.00461625
3.45	 0.0045869
3.44	 0.00459728
3.43	 0.00458795
3.42	 0.00458803
3.41	 0.00460553
3.4	 0.00459121
3.39	 0.00459149
3.38	 0.00461482
3.37	 0.00460872
3.36	 0.00460203
3.35	 0.0046008
3.34	 0.00461574
3.33	 0.00460853
3.32	 0.00462116
3.31	 0.00460521
3.3	 0.00462048
3.29	 0.00460044
3.28	 0.00463117
3.27	 0.00461026
3.26	 0.00462141
3.25	 0.00461163
3.24	 0.00460854
3.23	 0.00464089
3.22	 0.00460877
3.21	 0.00461995
3.2	 0.00462322
3.19	 0.00461057
3.18	 0.00459916
3.17	 0.00459746
3.16	 0.00460877
3.15	 0.00460895
3.14	 0.00462687
3.13	 0.00460679
3.12	 0.00460202
3.11	 0.00461381
3.1	 0.00461804
3.09	 0.00461923
3.08	 0.00461183
3.07	 0.00463117
3.06	 0.00460396
3.05	 0.00462074
3.04	 0.00461238
3.03	 0.00462025
3.02	 0.00461375
3.01	 0.00460796
3	 0.00460905
2.99	 0.00460188
2.98	 0.00463998
2.97	 0.00461813
2.96	 0.00461848
2.95	 0.00461415
2.94	 0.00461872
2.93	 0.00462673
2.92	 0.00461114
2.91	 0.00462801
2.9	 0.00463235
2.89	 0.00462501
2.88	 0.00461474
2.87	 0.0046265
2.86	 0.00464114
2.85	 0.00464121
2.84	 0.00463361
2.83	 0.00462416
2.82	 0.0046329
2.81	 0.00462976
2.8	 0.00463998
2.79	 0.00463629
2.78	 0.00463758
2.77	 0.00464247
2.76	 0.00464665
2.75	 0.00463735
2.74	 0.0046541
2.73	 0.00463197
2.72	 0.00465206
2.71	 0.0046459
2.7	 0.00464314
2.69	 0.0046384
2.68	 0.00464777
2.67	 0.00465566
2.66	 0.00464659
2.65	 0.00462967
2.64	 0.00462872
2.63	 0.00464604
2.62	 0.0046468
2.61	 0.00465074
2.6	 0.00463429
2.59	 0.00463844
2.58	 0.00463384
2.57	 0.00465353
2.56	 0.00464873
2.55	 0.00462924
2.54	 0.0046216
2.53	 0.00462862
2.52	 0.0046196
2.51	 0.00461284
2.5	 0.00460891
2.49	 0.00461031
2.48	 0.00461037
2.47	 0.00460348
2.46	 0.00459755
2.45	 0.00461486
2.44	 0.00459662
2.43	 0.0045988
2.42	 0.00460388
2.41	 0.00461427
2.4	 0.00459404
2.39	 0.00459175
2.38	 0.00459287
2.37	 0.00459194
2.36	 0.00458677
2.35	 0.00459411
2.34	 0.00459759
2.33	 0.00458426
2.32	 0.00458943
2.31	 0.00458747
2.3	 0.00458537
2.29	 0.00459073
2.28	 0.00458361
2.27	 0.00458352
2.26	 0.00458481
2.25	 0.00458358
2.24	 0.00458326
2.23	 0.0045834
2.22	 0.00458594
2.21	 0.0045838
2.2	 0.00459865
2.19	 0.00458408
2.18	 0.00458383
2.17	 0.00458366
2.16	 0.00459707
2.15	 0.00458863
2.14	 0.00458573
2.13	 0.00458329
2.12	 0.00458872
2.11	 0.00458878
2.1	 0.00459052
2.09	 0.00460778
2.08	 0.00460447
2.07	 0.00460429
2.06	 0.00461059
2.05	 0.00460757
2.04	 0.00460409
2.03	 0.00459832
2.02	 0.0046137
2.01	 0.00461349
2	 0.00461274
1.99	 0.00460624
1.98	 0.00461722
1.97	 0.00460767
1.96	 0.0046183
1.95	 0.00462517
1.94	 0.00462641
1.93	 0.00461985
1.92	 0.00463599
1.91	 0.00462054
1.9	 0.00463231
1.89	 0.00463005
1.88	 0.00461623
1.87	 0.00462988
1.86	 0.00463576
1.85	 0.0046301
1.84	 0.00465098
1.83	 0.00463001
1.82	 0.00462428
1.81	 0.00461242
1.8	 0.00462715
1.79	 0.00459792
1.78	 0.00459461
1.77	 0.00460028
1.76	 0.00459212
1.75	 0.00459201
1.74	 0.00459094
1.73	 0.00458445
1.72	 0.00459021
1.71	 0.0045841
1.7	 0.00458475
1.69	 0.00458375
1.68	 0.00458863
1.67	 0.0045834
1.66	 0.00458568
1.65	 0.0045838
1.64	 0.00458599
1.63	 0.00458337
1.62	 0.00458403
1.61	 0.00459697
1.6	 0.0045904
1.59	 0.00458352
1.58	 0.00459732
1.57	 0.00460527
1.56	 0.00458391
1.55	 0.00458352
1.54	 0.00459054
1.53	 0.00458469
1.52	 0.00460143
1.51	 0.00458656
1.5	 0.00458909
1.49	 0.00460537
1.48	 0.00460664
1.47	 0.00460742
1.46	 0.00460582
1.45	 0.00461144
1.44	 0.00461167
1.43	 0.00462267
1.42	 0.00463724
1.41	 0.00462726
1.4	 0.00463657
1.39	 0.00463093
1.38	 0.00462287
1.37	 0.00464491
1.36	 0.00462348
1.35	 0.0046175
1.34	 0.00460487
1.33	 0.004603
1.32	 0.00460051
1.31	 0.00460303
1.3	 0.0045865
1.29	 0.00458745
1.28	 0.00459114
1.27	 0.00458476
1.26	 0.00458413
1.25	 0.00458412
1.24	 0.00458416
1.23	 0.00458491
1.22	 0.00458585
1.21	 0.00460245
1.2	 0.00458628
1.19	 0.00458752
1.18	 0.0045879
1.17	 0.00459593
1.16	 0.00459533
1.15	 0.00460979
1.14	 0.0046132
1.13	 0.00460696
1.12	 0.00462679
1.11	 0.00459114
1.1	 0.00459067
1.09	 0.00458547
1.08	 0.00458652
1.07	 0.00458513
1.06	 0.0045851
1.05	 0.00458518
1.04	 0.00458526
1.03	 0.00458554
1.02	 0.00458545
1.01	 0.00458608
1	 0.00458561
0.990001	 0.00458571
0.98	 0.00458581
0.97	 0.00458591
0.96	 0.00458602
0.950001	 0.00458614
0.940001	 0.00458626
0.93	 0.00458638
0.92	 0.00458651
0.910001	 0.00458665
0.900001	 0.00458679
0.89	 0.00458693
0.88	 0.00458709
0.87	 0.00458725
0.860001	 0.00458741
0.85	 0.00458759
0.84	 0.00458777
0.83	 0.00458795
0.820001	 0.00458815
0.81	 0.00458835
0.8	 0.00458856
0.79	 0.00458878
0.780001	 0.00458901
0.77	 0.00458925
0.76	 0.00458949
0.75	 0.00458975
0.740001	 0.00459001
0.73	 0.00459028
0.72	 0.00459057
0.71	 0.00459086
0.700001	 0.00459116
0.690001	 0.00459147
0.68	 0.00459179
0.67	 0.00459212
0.660001	 0.00459246
0.650001	 0.00459282
0.64	 0.00459318
0.63	 0.00459354
0.62	 0.00459392
0.610001	 0.00459431
0.6	 0.00459471
0.59	 0.00459511
0.58	 0.00459553
0.570001	 0.00459595
0.56	 0.00459638
0.55	 0.00459683
